Percentage served,Time in ms
0,118.360
1,118.360
2,118.360
3,118.360
4,118.360
5,194.276
6,194.276
7,194.276
8,194.276
9,194.276
10,194.276
11,194.276
12,194.276
13,194.276
14,194.276
15,499.596
16,499.596
17,499.596
18,499.596
19,499.596
20,499.596
21,499.596
22,499.596
23,499.596
24,499.596
25,573.046
26,573.046
27,573.046
28,573.046
29,573.046
30,573.046
31,573.046
32,573.046
33,573.046
34,573.046
35,661.607
36,661.607
37,661.607
38,661.607
39,661.607
40,661.607
41,661.607
42,661.607
43,661.607
44,661.607
45,670.785
46,670.785
47,670.785
48,670.785
49,670.785
50,670.785
51,670.785
52,670.785
53,670.785
54,670.785
55,744.385
56,744.385
57,744.385
58,744.385
59,744.385
60,744.385
61,744.385
62,744.385
63,744.385
64,744.385
65,811.761
66,811.761
67,811.761
68,811.761
69,811.761
70,811.761
71,811.761
72,811.761
73,811.761
74,811.761
75,946.718
76,946.718
77,946.718
78,946.718
79,946.718
80,946.718
81,946.718
82,946.718
83,946.718
84,946.718
85,1004.145
86,1004.145
87,1004.145
88,1004.145
89,1004.145
90,1004.145
91,1004.145
92,1004.145
93,1004.145
94,1004.145
95,139834663766.968
96,139834663766.968
97,139834663766.968
98,139834663766.968
99,139834663766.968
100,1004.145
