Percentage served,Time in ms
0,3.965
1,4.092
2,4.241
3,5.433
4,5.467
5,5.654
6,5.780
7,5.849
8,6.003
9,6.010
10,6.015
11,6.171
12,6.221
13,6.276
14,6.496
15,6.779
16,7.029
17,7.266
18,8.037
19,8.176
20,8.324
21,8.428
22,8.480
23,8.592
24,8.801
25,8.843
26,8.850
27,9.142
28,9.156
29,9.208
30,9.227
31,9.230
32,9.231
33,9.236
34,9.238
35,9.244
36,9.245
37,9.252
38,9.254
39,9.254
40,9.255
41,9.264
42,9.269
43,9.272
44,9.274
45,9.278
46,9.284
47,9.321
48,9.328
49,9.490
50,9.546
51,9.589
52,9.590
53,9.592
54,9.592
55,9.626
56,9.627
57,9.628
58,9.641
59,9.642
60,9.642
61,9.650
62,9.659
63,9.661
64,9.661
65,9.670
66,9.674
67,9.677
68,9.683
69,9.693
70,9.696
71,9.711
72,9.722
73,9.814
74,10.396
75,10.418
76,10.430
77,10.432
78,10.439
79,10.441
80,10.442
81,10.454
82,10.473
83,10.596
84,10.627
85,10.669
86,10.671
87,10.697
88,10.739
89,10.743
90,10.860
91,11.070
92,11.150
93,11.176
94,11.185
95,11.186
96,13.271
97,13.359
98,13.372
99,13.374
100,13.374
