Percentage served,Time in ms
0,20.695
1,20.695
2,20.695
3,20.695
4,20.695
5,21.566
6,21.566
7,21.566
8,21.566
9,21.566
10,21.566
11,21.566
12,21.566
13,21.566
14,21.566
15,21.730
16,21.730
17,21.730
18,21.730
19,21.730
20,21.730
21,21.730
22,21.730
23,21.730
24,21.730
25,40.124
26,40.124
27,40.124
28,40.124
29,40.124
30,40.124
31,40.124
32,40.124
33,40.124
34,40.124
35,120.246
36,120.246
37,120.246
38,120.246
39,120.246
40,120.246
41,120.246
42,120.246
43,120.246
44,120.246
45,199.404
46,199.404
47,199.404
48,199.404
49,199.404
50,199.404
51,199.404
52,199.404
53,199.404
54,199.404
55,329.614
56,329.614
57,329.614
58,329.614
59,329.614
60,329.614
61,329.614
62,329.614
63,329.614
64,329.614
65,387.935
66,387.935
67,387.935
68,387.935
69,387.935
70,387.935
71,387.935
72,387.935
73,387.935
74,387.935
75,557.349
76,557.349
77,557.349
78,557.349
79,557.349
80,557.349
81,557.349
82,557.349
83,557.349
84,557.349
85,730.152
86,730.152
87,730.152
88,730.152
89,730.152
90,730.152
91,730.152
92,730.152
93,730.152
94,730.152
95,139962455452.600
96,139962455452.600
97,139962455452.600
98,139962455452.600
99,139962455452.600
100,730.152
