Percentage served,Time in ms
0,5.692
1,6.008
2,7.046
3,7.155
4,7.158
5,7.234
6,7.383
7,7.721
8,8.354
9,8.544
10,8.816
11,8.878
12,9.419
13,9.703
14,9.762
15,10.120
16,10.277
17,10.377
18,10.495
19,10.567
20,10.597
21,10.719
22,10.818
23,11.084
24,11.243
25,11.400
26,11.414
27,11.494
28,11.558
29,11.665
30,11.691
31,11.900
32,12.040
33,12.187
34,12.234
35,12.270
36,12.294
37,12.306
38,12.307
39,12.782
40,12.811
41,12.821
42,12.891
43,13.008
44,13.081
45,13.972
46,14.025
47,14.044
48,14.054
49,14.058
50,14.076
51,14.083
52,14.089
53,14.095
54,14.096
55,14.098
56,14.120
57,14.143
58,14.156
59,14.163
60,14.167
61,14.173
62,14.178
63,14.186
64,14.190
65,14.198
66,14.209
67,14.221
68,14.256
69,14.303
70,14.308
71,14.329
72,14.909
73,14.975
74,15.013
75,15.023
76,15.025
77,15.028
78,15.092
79,15.094
80,15.114
81,15.115
82,15.127
83,15.129
84,15.145
85,15.176
86,17.612
87,18.634
88,18.846
89,19.727
90,19.907
91,22.380
92,24.068
93,24.285
94,24.702
95,25.553
96,25.852
97,27.167
98,28.008
99,53.408
100,53.408
