Percentage served,Time in ms
0,17.931
1,27.277
2,28.504
3,28.983
4,29.692
5,29.693
6,29.822
7,30.102
8,30.228
9,30.431
10,30.620
11,30.660
12,31.067
13,31.070
14,31.075
15,31.389
16,31.461
17,31.499
18,31.632
19,31.658
20,31.693
21,31.731
22,31.760
23,31.800
24,31.927
25,31.965
26,31.997
27,32.025
28,32.071
29,32.094
30,32.098
31,32.113
32,32.178
33,32.202
34,32.223
35,32.316
36,32.395
37,32.478
38,32.626
39,32.631
40,32.640
41,32.730
42,32.804
43,32.833
44,32.894
45,32.901
46,32.914
47,32.944
48,32.964
49,33.001
50,33.027
51,33.038
52,33.046
53,33.081
54,33.114
55,33.132
56,33.154
57,33.169
58,33.197
59,33.237
60,33.248
61,33.279
62,33.281
63,33.296
64,33.377
65,33.382
66,33.397
67,33.406
68,33.419
69,33.430
70,33.468
71,33.481
72,33.595
73,33.679
74,33.698
75,33.705
76,33.885
77,34.010
78,34.018
79,34.055
80,34.085
81,34.148
82,34.170
83,34.184
84,34.387
85,34.441
86,34.767
87,34.840
88,35.112
89,35.332
90,35.451
91,36.095
92,36.357
93,36.437
94,36.532
95,36.830
96,37.081
97,37.338
98,39.147
99,44.744
100,44.744
