Percentage served,Time in ms
0,0.882
1,0.885
2,0.893
3,0.897
4,0.900
5,0.904
6,0.904
7,0.906
8,0.906
9,0.907
10,0.908
11,0.909
12,0.910
13,0.910
14,0.911
15,0.911
16,0.912
17,0.913
18,0.915
19,0.917
20,0.918
21,0.922
22,0.922
23,0.924
24,0.927
25,0.930
26,0.931
27,0.933
28,0.936
29,0.936
30,0.938
31,0.939
32,0.942
33,0.942
34,0.943
35,0.943
36,0.947
37,0.947
38,0.952
39,0.953
40,0.957
41,0.958
42,0.959
43,0.961
44,0.961
45,0.963
46,0.963
47,0.964
48,0.966
49,0.966
50,0.967
51,0.968
52,0.971
53,0.971
54,0.971
55,0.973
56,0.973
57,0.974
58,0.978
59,0.979
60,0.982
61,0.984
62,0.985
63,0.986
64,0.987
65,0.988
66,0.990
67,0.991
68,0.991
69,0.997
70,1.002
71,1.002
72,1.003
73,1.006
74,1.006
75,1.008
76,1.009
77,1.012
78,1.015
79,1.016
80,1.024
81,1.027
82,1.027
83,1.030
84,1.047
85,1.048
86,1.053
87,1.084
88,1.107
89,1.114
90,18.104
91,106.692
92,107.713
93,108.767
94,109.775
95,110.869
96,111.913
97,112.897
98,113.902
99,115.003
100,115.003
