Percentage served,Time in ms
0,0.854
1,0.860
2,0.864
3,0.866
4,0.867
5,0.867
6,0.871
7,0.872
8,0.873
9,0.878
10,0.878
11,0.879
12,0.879
13,0.887
14,0.888
15,0.891
16,0.892
17,0.892
18,0.893
19,0.894
20,0.894
21,0.895
22,0.896
23,0.896
24,0.900
25,0.901
26,0.901
27,0.903
28,0.908
29,0.908
30,0.909
31,0.910
32,0.910
33,0.913
34,0.913
35,0.916
36,0.916
37,0.918
38,0.922
39,0.923
40,0.924
41,0.925
42,0.927
43,0.928
44,0.929
45,0.930
46,0.938
47,0.940
48,0.947
49,0.952
50,0.954
51,0.958
52,0.958
53,0.960
54,0.960
55,0.962
56,0.964
57,0.968
58,0.970
59,0.971
60,0.972
61,0.972
62,0.974
63,0.974
64,0.975
65,0.978
66,0.978
67,0.981
68,0.981
69,0.982
70,0.983
71,0.985
72,0.988
73,0.990
74,0.992
75,0.995
76,0.996
77,1.002
78,1.051
79,1.166
80,1.398
81,1.476
82,1.484
83,1.591
84,1.594
85,1.631
86,1.677
87,1.679
88,1.699
89,1.906
90,16.986
91,108.346
92,109.296
93,113.981
94,115.047
95,116.141
96,117.298
97,118.375
98,118.505
99,119.647
100,119.647
