Percentage served,Time in ms
0,64.436
1,64.436
2,64.436
3,64.436
4,64.436
5,285.381
6,285.381
7,285.381
8,285.381
9,285.381
10,285.381
11,285.381
12,285.381
13,285.381
14,285.381
15,315.355
16,315.355
17,315.355
18,315.355
19,315.355
20,315.355
21,315.355
22,315.355
23,315.355
24,315.355
25,324.640
26,324.640
27,324.640
28,324.640
29,324.640
30,324.640
31,324.640
32,324.640
33,324.640
34,324.640
35,429.436
36,429.436
37,429.436
38,429.436
39,429.436
40,429.436
41,429.436
42,429.436
43,429.436
44,429.436
45,594.424
46,594.424
47,594.424
48,594.424
49,594.424
50,594.424
51,594.424
52,594.424
53,594.424
54,594.424
55,909.374
56,909.374
57,909.374
58,909.374
59,909.374
60,909.374
61,909.374
62,909.374
63,909.374
64,909.374
65,1276.226
66,1276.226
67,1276.226
68,1276.226
69,1276.226
70,1276.226
71,1276.226
72,1276.226
73,1276.226
74,1276.226
75,1677.051
76,1677.051
77,1677.051
78,1677.051
79,1677.051
80,1677.051
81,1677.051
82,1677.051
83,1677.051
84,1677.051
85,4164.142
86,4164.142
87,4164.142
88,4164.142
89,4164.142
90,4164.142
91,4164.142
92,4164.142
93,4164.142
94,4164.142
95,139962223209.400
96,139962223209.400
97,139962223209.400
98,139962223209.400
99,139962223209.400
100,4164.142
