Percentage served,Time in ms
0,4.284
1,4.290
2,5.927
3,7.415
4,9.012
5,10.605
6,12.222
7,13.847
8,14.523
9,14.537
10,14.545
11,14.573
12,14.600
13,14.608
14,14.620
15,14.623
16,14.628
17,14.636
18,14.638
19,14.646
20,14.647
21,14.648
22,14.652
23,14.661
24,14.663
25,14.672
26,14.673
27,14.677
28,14.689
29,14.693
30,14.702
31,14.708
32,14.717
33,14.719
34,14.739
35,14.760
36,14.783
37,14.796
38,15.023
39,15.070
40,15.127
41,15.331
42,15.372
43,15.402
44,15.457
45,15.522
46,15.538
47,15.557
48,15.562
49,15.585
50,15.606
51,15.632
52,15.634
53,15.662
54,15.673
55,15.674
56,15.674
57,15.711
58,15.721
59,15.722
60,15.727
61,15.761
62,15.774
63,15.774
64,15.797
65,15.798
66,15.878
67,15.898
68,15.901
69,15.901
70,15.916
71,15.925
72,15.955
73,15.979
74,15.981
75,15.982
76,15.994
77,15.997
78,16.003
79,16.005
80,16.005
81,16.010
82,16.030
83,16.040
84,16.067
85,16.069
86,16.162
87,16.171
88,16.172
89,16.356
90,16.445
91,16.478
92,16.598
93,16.643
94,16.711
95,16.819
96,16.830
97,16.853
98,16.903
99,16.921
100,16.921
