Percentage served,Time in ms
0,154.065
1,154.065
2,154.065
3,154.065
4,154.065
5,537.502
6,537.502
7,537.502
8,537.502
9,537.502
10,537.502
11,537.502
12,537.502
13,537.502
14,537.502
15,761.800
16,761.800
17,761.800
18,761.800
19,761.800
20,761.800
21,761.800
22,761.800
23,761.800
24,761.800
25,809.556
26,809.556
27,809.556
28,809.556
29,809.556
30,809.556
31,809.556
32,809.556
33,809.556
34,809.556
35,1091.637
36,1091.637
37,1091.637
38,1091.637
39,1091.637
40,1091.637
41,1091.637
42,1091.637
43,1091.637
44,1091.637
45,1408.072
46,1408.072
47,1408.072
48,1408.072
49,1408.072
50,1408.072
51,1408.072
52,1408.072
53,1408.072
54,1408.072
55,1433.473
56,1433.473
57,1433.473
58,1433.473
59,1433.473
60,1433.473
61,1433.473
62,1433.473
63,1433.473
64,1433.473
65,1504.344
66,1504.344
67,1504.344
68,1504.344
69,1504.344
70,1504.344
71,1504.344
72,1504.344
73,1504.344
74,1504.344
75,1592.152
76,1592.152
77,1592.152
78,1592.152
79,1592.152
80,1592.152
81,1592.152
82,1592.152
83,1592.152
84,1592.152
85,1902.217
86,1902.217
87,1902.217
88,1902.217
89,1902.217
90,1902.217
91,1902.217
92,1902.217
93,1902.217
94,1902.217
95,139991888767.928
96,139991888767.928
97,139991888767.928
98,139991888767.928
99,139991888767.928
100,1902.217
