Percentage served,Time in ms
0,16.599
1,17.233
2,17.317
3,18.019
4,19.641
5,21.959
6,22.141
7,22.645
8,23.528
9,23.810
10,26.772
11,28.093
12,28.216
13,28.519
14,28.921
15,29.019
16,29.083
17,29.113
18,29.165
19,29.337
20,29.362
21,29.402
22,29.594
23,29.935
24,30.024
25,30.157
26,30.170
27,30.284
28,30.327
29,30.337
30,30.490
31,30.506
32,30.548
33,30.743
34,30.803
35,30.847
36,30.923
37,31.074
38,31.249
39,31.285
40,31.338
41,31.406
42,31.462
43,31.503
44,31.624
45,31.719
46,31.750
47,31.774
48,31.866
49,31.903
50,31.911
51,32.029
52,32.030
53,32.180
54,32.243
55,32.252
56,32.269
57,32.345
58,32.391
59,32.393
60,32.449
61,32.522
62,32.635
63,32.668
64,32.750
65,32.769
66,32.815
67,32.833
68,32.844
69,32.913
70,32.938
71,32.966
72,32.996
73,33.080
74,33.202
75,33.231
76,33.284
77,33.308
78,33.392
79,33.426
80,33.529
81,33.608
82,33.645
83,34.143
84,34.175
85,34.291
86,34.345
87,34.407
88,34.749
89,34.847
90,34.987
91,36.225
92,36.298
93,36.513
94,38.559
95,40.423
96,45.240
97,45.559
98,47.617
99,47.978
100,47.978
