Percentage served,Time in ms
0,111.769
1,111.769
2,111.769
3,111.769
4,111.769
5,113.062
6,113.062
7,113.062
8,113.062
9,113.062
10,113.062
11,113.062
12,113.062
13,113.062
14,113.062
15,138.987
16,138.987
17,138.987
18,138.987
19,138.987
20,138.987
21,138.987
22,138.987
23,138.987
24,138.987
25,596.694
26,596.694
27,596.694
28,596.694
29,596.694
30,596.694
31,596.694
32,596.694
33,596.694
34,596.694
35,599.602
36,599.602
37,599.602
38,599.602
39,599.602
40,599.602
41,599.602
42,599.602
43,599.602
44,599.602
45,602.324
46,602.324
47,602.324
48,602.324
49,602.324
50,602.324
51,602.324
52,602.324
53,602.324
54,602.324
55,643.722
56,643.722
57,643.722
58,643.722
59,643.722
60,643.722
61,643.722
62,643.722
63,643.722
64,643.722
65,786.819
66,786.819
67,786.819
68,786.819
69,786.819
70,786.819
71,786.819
72,786.819
73,786.819
74,786.819
75,811.219
76,811.219
77,811.219
78,811.219
79,811.219
80,811.219
81,811.219
82,811.219
83,811.219
84,811.219
85,973.046
86,973.046
87,973.046
88,973.046
89,973.046
90,973.046
91,973.046
92,973.046
93,973.046
94,973.046
95,140441120418.744
96,140441120418.744
97,140441120418.744
98,140441120418.744
99,140441120418.744
100,973.046
